28427
50103
31827
22429
27374
61476
6822
1538
1536
60955
12057
34437
9519
52232
25612
36592
10706
38183
20281
36357
1414
44419
8270
50767
9143
38013
13407
58346
11121
18416
3669
60785
48683
20236
46786
47009
40001
47982
51603
45764
35603
54564
60934
57079
7393
21401
16309
29397
1046
58829
26068
44457
62624
53315
889
62655
39719
49892
36814
43404
54433
62652
62145
44522
54894
35751
57743
49991
14529
23164
33127
29492
22
54685
23758
63977
38937
35900
64872
24562
51122
34842
14066
5594
42090
16093
19543
42337
28729
37572
62606
30181
43283
5529
62787
59246
51923
62414
38059
48998
54125
49002
50554
50674
19427
42730
22224
41169
53155
25507
465
13261
64802
33281
15902
48164
44640
17436
57688
18299
60591
47442
45842
15606
30959
13173
433
17154
65105
49274
35998
37939
12966
65113
41053
43877
45425
33408
22723
20924
18364
11951
42953
27126
33660
30460
62427
6771
37585
41014
2526
7214
5032
61140
23851
18292
13277
13815
30053
59623
4696
3909
16007
53631
27726
41081
11916
27679
21398
22050
52232
51658
38254
36031
46661
36005
4455
11907
30763
51152
3958
50271
63333
22868
34782
4434
30682
25040
47330
48973
58280
23990
39495
59744
14639
64510
5855
59428
50705
14395
7615
63239
48879
63672
55532
23557
4927
40542
47895
15228
18972
39466
51985
16215
11186
25955
5855
34884
55827
46129
39734
55552
22301
39046
5095
43906
54028
41863
3974
34281
15154
8130
37288
54806
35330
56670
27883
16088
13211
64658
64840
17581
35921
53519
54786
56066
15353
44111
26947
26952
14472
50046
23583
29128
36904
53772
42213
20190
42319
49747
21822
16031
49693
58381
64024
46354
57938
52016
19194
12804
51223
15171
52535
28206
22155
51574
32740
60146
28935
36205
22510
56787
24183
7004
39372
11355
49242
36030
7499
4878
21486
58695
30952
637
60811
8740
33433
56525
55482
39106
42207
46109
10035
31139
11675
25564
37943
47743
550
19457
50287
57940
26177
18915
37746
8493
45872
65344
17114
22004
48892
2317
8875
40235
8806
62756
19057
22053
46133
21596
17970
14153
13039
64976
62489
44986
51359
33994
61424
64304
32677
38112
47794
40637
57691
45999
44580
36891
24793
9632
53715
49164
18986
65315
55073
47351
10935
59061
6310
14240
55085
39241
9490
13087
46951
52025
33419
29954
3807
44980
19475
20798
55621
63396
39528
2411
9296
60510
21541
7695
49868
57626
47319
5512
52952
19931
26574
51468
51982
48612
41103
61183
47542
22720
22367
40258
14027
13871
30665
49169
23389
12397
18496
51403
55182
21602
32877
3590
33122
63922
59067
51643
25439
35989
33869
17718
49993
1521
63514
27518
24811
21255
42440
41955
23472
43463
23059
56791
25913
8603
10364
7988
40065
20057
21482
38184
10562
64696
53510
10241
20541
16577
40105
20891
44817
32783
44510
34637
57220
65353
41315
57677
18235
15401
30413
58505
65376
18544
25964
61357
51402
46535
13220
59923
526
64472
52702
31385
46844
43108
34323
26236
41266
61857
18678
21489
24937
17779
50648
15248
15817
18652
35082
27823
17515
2591
6567
26156
7984
20996
31280
33984
4325
28081
55931
60501
12317
9912
45264
16662
52164
6867
55856
2340
5485
13343
20153
38863
26312
40550
39325
32881
16394
31149
50037
63568
3461
30358
5524
40549
51294
574
56312
37813
8864
13661
38245
2370
30490
10670
19681
45069
37549
63927
53476
13846
23602
38254
16868
65300
45899
56096
55053
820
47720
25276
33827
34703
24141
806
22959
46478
56002
61814
30847
52838
23060
6439
26070
22624
37050
57024
36394
37666
26992
21652
7117
18627
54551
14042
46346
41329
36513
568
44269
35086
58029
41458
6829
61383
9813
35173
49311
21029
44415
21464
48102
33114
32955
1559
25920
15132
25081
53947
20554
18421
34817
23894
56516
14799
55101
15736
46125
36966
54500
18806
59475
45385
33988
38428
15575
23181
19228
15353
45373
48428
39106
47505
20993
23630
63688
6957
4345
60262
16911
6564
16106
21730
32046
53729
50444
40947
7561
732
27783
50250
44151
24492
3856
28775
64562
13270
7572
4338
32549
39080
23615
57229
58489
53254
21665
41906
40321
3003
54055
857
18030
17450
49997
35008
55
38564
4472
51681
55266
34505
33106
45643
12507
1917
63258
50240
29332
15231
53526
4041
44563
52079
5858
39036
39950
41988
26332
19248
55451
4785
18601
32213
5053
63002
32467
9129
38760
554
58267
28966
57701
41440
36243
2925
37517
33595
23286
8489
58135
20523
32210
58593
32193
652
21141
60630
50980
58607
15707
31018
27795
63217
50179
45099
46028
40398
53899
35001
37810
22956
30698
34314
39846
31063
21222
9360
11231
20910
60191
6163
25329
28568
55951
21840
25694
13208
45474
36743
34635
43258
5023
62269
29700
41122
36167
48308
61588
52385
62389
63692
57672
65189
47342
38005
61156
45993
5447
34672
2769
48110
23671
46509
11995
19225
31086
19631
54149
53651
47320
17129
39616
12885
36430
62405
5641
49023
24316
65150
46128
45150
3413
54857
11573
52578
44903
16844
61254
60999
41945
11431
28652
46128
62378
6791
64909
400
24562
38238
63577
62459
40501
37671
50211
13661
35454
59483
28560
558
40975
60900
60882
11702
61106
61916
57337
11411
20346
25560
42771
62537
36533
57008
49689
34205
3482
52276
5942
47706
27662
55751
37022
28377
46224
27041
38707
8149
23035
39259
12727
24204
55989
65081
31686
7090
50923
24635
27939
19936
8925
12455
34287
13862
2479
17897
30594
54559
9421
16235
45561
41285
1580
28317
21716
23511
62532
63818
10885
57616
60566
14949
29990
60165
61529
62562
39521
8224
28025
22760
30696
8058
20475
1900
62740
606
64548
7571
29541
29491
54223
6954
4962
50047
41017
26146
30541
37969
8410
33806
11845
45866
26219
58332
17000
51424
35465
13949
22534
44297
47038
40436
19650
28332
32289
21089
37001
65329
48579
4565
22767
32450
21670
46297
63205
19849
33195
27749
47181
40037
2991
31023
59366
25908
41772
62830
20295
40854
18649
38018
36377
40741
23434
60606
12292
47980
5803
429
34143
25936
85
50881
21276
22761
64818
17767
47443
43562
24722
60552
36641
32520
29605
27822
37606
42602
9836
57742
28961
10530
11218
2533
57081
64839
57003
63417
376
15600
25385
8001
38124
31632
26250
34897
53640
59859
14494
22388
51546
608
18332
65277
59447
6934
454
26535
